2025-02-24 17:25:00,94996.0,95014.9,94915.0,95007.8,47.903,4548980.136
2025-02-24 17:26:00,95007.8,95079.2,95007.8,95052.6,30.633,2911788.7975
2025-02-24 17:27:00,95052.6,95072.0,95016.0,95054.0,41.598,3953745.7441
2025-02-24 17:28:00,95054.0,95100.0,94910.4,94987.3,580.109,55112152.2278
2025-02-24 17:29:00,94987.3,94992.8,94951.1,94975.1,29.062,2760229.074
2025-02-24 17:30:00,94975.1,95086.7,94932.9,95086.3,149.591,14216745.1477
2025-02-24 17:31:00,95086.3,95111.8,94977.3,95026.3,67.769,6440634.112
2025-02-24 17:32:00,95026.3,95081.3,94984.1,94996.5,109.623,10417175.0755
2025-02-24 17:33:00,94996.5,95001.0,94917.0,94917.0,52.344,4969544.9947
2025-02-24 17:34:00,94917.0,95002.0,94913.6,94976.0,43.05,4087953.3206
2025-02-24 17:35:00,94976.0,94999.9,94936.2,94977.1,32.476,3084127.9099
2025-02-24 17:36:00,94977.1,95062.6,94977.1,95048.0,37.794,3591642.1399
2025-02-24 17:37:00,95048.0,95110.3,95029.4,95058.9,43.187,4105445.9957
2025-02-24 17:38:00,95058.9,95093.5,95031.8,95088.0,14.881,1414378.8112
2025-02-24 17:39:00,95088.0,95148.7,95065.2,95145.1,41.933,3988506.0255
2025-02-24 17:40:00,95145.1,95150.0,95097.2,95097.3,42.896,4080705.3409
2025-02-24 17:41:00,95097.3,95155.0,95090.0,95121.1,38.254,3638789.1554
2025-02-24 17:42:00,95121.1,95148.2,95053.3,95093.7,17.918,1703779.6181
2025-02-24 17:43:00,95093.7,95118.3,95081.7,95118.0,14.918,1418730.2857
2025-02-24 17:44:00,95118.0,95153.9,95118.0,95153.8,38.409,3654316.4476
2025-02-24 17:45:00,95153.8,95192.0,95118.8,95136.5,58.246,5542574.3688
2025-02-24 17:46:00,95136.5,95136.6,94983.3,95000.0,31.726,3015281.0479
2025-02-24 17:47:00,95000.0,95008.6,94950.0,94960.2,33.771,3207375.4169
2025-02-24 17:48:00,94960.2,95042.3,94960.2,95014.3,19.646,1866704.7372
2025-02-24 17:49:00,95014.3,95042.5,95003.0,95005.3,13.305,1264338.4466
2025-02-24 17:50:00,95005.3,95016.3,94976.0,94978.1,14.334,1361652.7977
2025-02-24 17:51:00,94978.1,95011.9,94939.8,94989.6,13.777,1308366.3811
2025-02-24 17:52:00,94989.6,94991.9,94895.9,94904.1,45.176,4288370.1724
2025-02-24 17:53:00,94904.1,94904.1,94800.0,94804.0,103.981,9861013.0273
2025-02-24 17:54:00,94804.0,94824.0,94753.9,94792.0,21.813,2067532.0599
2025-02-24 17:55:00,94792.0,94804.3,94735.3,94735.3,29.784,2822571.9455
2025-02-24 17:56:00,94735.3,94780.0,94725.0,94752.7,37.349,3538875.3888
2025-02-24 17:57:00,94752.7,94769.1,94625.0,94660.0,155.175,14692149.4354
2025-02-24 17:58:00,94660.0,94714.2,94620.0,94708.8,58.151,5505246.7024
2025-02-24 17:59:00,94708.8,94708.8,94618.0,94683.3,59.193,5602912.9857
2025-02-24 18:00:00,94683.3,94694.4,94632.0,94642.7,25.847,2446850.9671
2025-02-24 18:01:00,94642.7,94695.2,94642.7,94691.7,14.215,1345880.4155
2025-02-24 18:02:00,94691.7,94798.5,94691.6,94745.0,33.764,3198927.157
2025-02-24 18:03:00,94745.0,94752.9,94682.8,94694.1,17.661,1672519.6581
2025-02-24 18:04:00,94694.1,94700.6,94630.8,94665.6,38.404,3635356.6574
2025-02-24 18:05:00,94665.6,94683.5,94564.8,94628.4,73.972,6998001.924
2025-02-24 18:06:00,94628.4,94632.0,94537.2,94559.9,26.288,2486194.0028
2025-02-24 18:07:00,94559.9,94702.5,94559.9,94702.5,32.949,3118477.8447
2025-02-24 18:08:00,94702.5,94751.1,94702.5,94749.7,13.105,1241468.8467
2025-02-24 18:09:00,94749.7,94786.2,94725.7,94766.0,10.897,1032550.2125
2025-02-24 18:10:00,94766.0,94786.0,94741.4,94775.5,14.684,1391562.4784
2025-02-24 18:11:00,94775.5,94806.2,94751.2,94760.0,27.759,2631224.6506
2025-02-24 18:12:00,94760.0,94783.2,94700.0,94700.0,12.149,1151013.691
2025-02-24 18:13:00,94700.0,94714.4,94674.7,94682.1,25.808,2443873.5557
2025-02-24 18:14:00,94682.1,94714.0,94659.5,94709.1,16.684,1579666.8221
2025-02-24 18:15:00,94709.1,94724.8,94681.0,94722.0,8.451,800370.2778
2025-02-24 18:16:00,94722.0,94843.8,94722.0,94788.8,52.738,4999879.5823
2025-02-24 18:17:00,94788.8,94905.6,94763.3,94858.7,48.726,4621620.1909
2025-02-24 18:18:00,94858.7,94894.9,94814.8,94820.0,17.953,1703019.0916
2025-02-24 18:19:00,94820.0,94850.0,94742.2,94850.0,64.115,6076999.5318
2025-02-24 18:20:00,94850.0,94870.2,94826.0,94845.0,12.082,1146000.2658
2025-02-24 18:21:00,94845.0,94849.5,94764.6,94766.4,34.367,3257595.5138
2025-02-24 18:22:00,94766.4,94789.8,94666.7,94673.3,36.502,3457541.36
2025-02-24 18:23:00,94673.3,94680.7,94611.0,94634.4,53.297,5043350.3358
2025-02-24 18:24:00,94634.4,94679.3,94622.1,94679.2,20.357,1927010.1909
2025-02-24 18:25:00,94679.2,94694.5,94655.9,94660.0,10.798,1022309.7098
2025-02-24 18:26:00,94660.0,94660.1,94596.0,94626.2,15.784,1493448.1573
2025-02-24 18:27:00,94626.2,94658.1,94581.4,94590.1,42.585,4029441.3671
2025-02-24 18:28:00,94590.1,94611.0,94552.6,94552.6,22.931,2168810.5941
2025-02-24 18:29:00,94552.6,94569.1,94540.6,94540.7,13.692,1294589.5383
2025-02-24 18:30:00,94540.7,94584.0,94528.5,94584.0,46.973,4441359.1916
2025-02-24 18:31:00,94584.0,94600.0,94548.9,94558.0,18.235,1724658.9749
2025-02-24 18:32:00,94558.0,94560.4,94435.0,94441.0,89.312,8438386.1653
2025-02-24 18:33:00,94441.0,94473.0,94400.3,94463.4,44.312,4184372.0934
2025-02-24 18:34:00,94463.4,94567.3,94463.4,94560.2,38.952,3681264.8528
2025-02-24 18:35:00,94560.2,94565.2,94464.8,94508.1,20.227,1911180.1993
2025-02-24 18:36:00,94508.1,94508.1,94422.2,94493.0,32.812,3099464.486
2025-02-24 18:37:00,94493.0,94518.4,94449.5,94506.2,47.165,4455656.2147
2025-02-24 18:38:00,94506.2,94533.9,94500.0,94504.1,45.005,4253943.1907
2025-02-24 18:39:00,94504.1,94519.9,94469.3,94477.1,29.413,2779017.1441
2025-02-24 18:40:00,94477.1,94541.6,94477.0,94513.5,30.106,2845601.9211
2025-02-24 18:41:00,94513.5,94538.0,94480.2,94520.1,10.54,996077.256
2025-02-24 18:42:00,94520.1,94551.2,94515.8,94520.0,16.199,1531325.3443
2025-02-24 18:43:00,94520.0,94522.3,94441.6,94445.3,12.57,1187543.7209
2025-02-24 18:44:00,94445.3,94458.0,94386.0,94407.6,46.848,4423152.9346
2025-02-24 18:45:00,94407.6,94424.6,94385.0,94418.2,13.992,1320829.4114
2025-02-24 18:46:00,94418.2,94419.6,94376.3,94384.0,33.43,3155493.1126
2025-02-24 18:47:00,94384.0,94395.2,94303.0,94327.2,96.47,9100618.0453
2025-02-24 18:48:00,94327.2,94390.0,94327.2,94378.0,25.887,2442692.057
2025-02-24 18:49:00,94378.0,94441.3,94371.0,94433.4,62.557,5906774.2678
2025-02-24 18:50:00,94433.4,94469.2,94414.4,94440.8,38.51,3636946.7313
2025-02-24 18:51:00,94440.8,94469.4,94384.5,94469.4,57.779,5454899.2435
2025-02-24 18:52:00,94469.4,94517.5,94461.2,94486.0,45.372,4287380.7429
2025-02-24 18:53:00,94486.0,94499.8,94421.6,94421.6,16.008,1512244.3286
2025-02-24 18:54:00,94421.6,94427.2,94371.0,94371.0,11.362,1072471.4288
2025-02-24 18:55:00,94371.0,94399.7,94322.8,94324.8,25.37,2393745.8132
2025-02-24 18:56:00,94324.8,94334.0,94268.8,94285.7,74.867,7059470.1546
2025-02-24 18:57:00,94285.7,94285.7,94200.2,94205.3,61.061,5754031.5587
2025-02-24 18:58:00,94205.3,94231.6,94162.9,94184.1,87.574,8248813.9096
2025-02-24 18:59:00,94184.1,94221.5,94182.9,94197.6,25.695,2420480.5873
2025-02-24 19:00:00,94197.6,94270.9,94180.1,94265.3,52.234,4922555.3084
2025-02-24 19:01:00,94265.3,94306.7,94258.1,94269.0,16.709,1575328.6845
2025-02-24 19:02:00,94269.0,94400.0,94269.0,94399.9,29.779,2809665.704
2025-02-24 19:03:00,94399.9,94422.8,94346.0,94350.1,32.162,3035938.0421
2025-02-24 19:04:00,94350.1,94440.0,94326.4,94389.7,22.629,2136345.7533
2025-02-24 19:05:00,94389.7,94407.9,94345.6,94405.6,17.831,1682764.5902
2025-02-24 19:06:00,94405.6,94412.2,94277.2,94327.3,13.504,1273768.6988
2025-02-24 19:07:00,94327.3,94344.5,94235.3,94249.1,17.782,1676385.5632
2025-02-24 19:08:00,94249.1,94261.9,94224.9,94225.0,12.868,1212689.7493
2025-02-24 19:09:00,94225.0,94254.8,94216.0,94249.2,24.426,2301690.3441
2025-02-24 19:10:00,94249.2,94249.2,94191.3,94191.3,26.531,2499826.492
2025-02-24 19:11:00,94191.3,94226.0,94171.9,94219.7,51.888,4888130.5176
2025-02-24 19:12:00,94219.7,94266.7,94140.0,94266.2,59.67,5619812.9235
2025-02-24 19:13:00,94266.2,94380.0,94265.6,94378.6,65.892,6215726.3773
2025-02-24 19:14:00,94378.6,94445.0,94350.0,94350.1,41.387,3907232.7985
2025-02-24 19:15:00,94350.1,94391.1,94275.0,94391.1,17.444,1645455.0993
2025-02-24 19:16:00,94391.1,94490.0,94365.4,94365.4,31.637,2987759.0033
2025-02-24 19:17:00,94365.4,94401.6,94324.7,94324.7,21.385,2018069.906
2025-02-24 19:18:00,94324.7,94358.3,94293.2,94305.2,12.841,1211204.512
2025-02-24 19:19:00,94305.2,94347.9,94265.2,94335.1,16.823,1586383.2574
2025-02-24 19:20:00,94335.1,94416.7,94308.3,94404.1,46.029,4343636.3262
2025-02-24 19:21:00,94404.1,94428.8,94273.6,94302.3,37.706,3557050.211
2025-02-24 19:22:00,94302.3,94380.0,94296.7,94359.8,37.145,3504043.7156
2025-02-24 19:23:00,94359.8,94476.2,94353.3,94476.2,18.321,1730117.0581
2025-02-24 19:24:00,94476.2,94595.1,94476.1,94518.3,117.992,11153313.054
2025-02-24 19:25:00,94518.3,94588.3,94468.1,94565.9,19.435,1837036.5699
2025-02-24 19:26:00,94565.9,94580.0,94469.7,94506.8,24.963,2359183.3038
2025-02-24 19:27:00,94506.8,94530.0,94458.8,94493.2,24.961,2358819.7276
2025-02-24 19:28:00,94493.2,94493.2,94420.7,94420.8,16.66,1573405.7836
2025-02-24 19:29:00,94420.8,94466.7,94396.6,94416.0,22.976,2169758.6012
2025-02-24 19:30:00,94416.0,94461.6,94379.3,94429.3,17.862,1686461.4405
2025-02-24 19:31:00,94429.3,94442.6,94332.1,94332.1,29.687,2802019.788
2025-02-24 19:32:00,94332.1,94453.5,94311.6,94453.5,39.18,3698125.061
2025-02-24 19:33:00,94453.5,94517.2,94418.8,94418.8,17.766,1678647.5283
2025-02-24 19:34:00,94418.8,94418.9,94294.2,94294.3,9.926,936334.5614
2025-02-24 19:35:00,94294.3,94327.5,94255.0,94278.2,28.819,2717278.7601
2025-02-24 19:36:00,94278.2,94328.3,94217.2,94217.2,32.768,3088295.3228
2025-02-24 19:37:00,94217.2,94227.1,94153.9,94154.0,26.61,2506391.2465
2025-02-24 19:38:00,94154.0,94173.8,94126.4,94155.5,99.524,9369608.2344
2025-02-24 19:39:00,94155.5,94166.7,94119.1,94136.0,34.827,3278556.0889
2025-02-24 19:40:00,94136.0,94166.7,94086.2,94086.3,63.141,5942578.7718
2025-02-24 19:41:00,94086.3,94107.6,94009.0,94034.9,156.834,14749780.5275
2025-02-24 19:42:00,94034.9,94039.5,93924.8,93928.4,177.701,16699547.1533
2025-02-24 19:43:00,93928.4,94038.1,93928.4,94028.1,69.166,6500220.8074
2025-02-24 19:44:00,94028.1,94043.6,93704.0,93774.5,585.161,54912614.236
2025-02-24 19:45:00,93774.5,93860.9,93725.0,93860.9,216.237,20280758.1085
2025-02-24 19:46:00,93860.9,93869.9,93711.0,93723.3,194.78,18269222.8597
2025-02-24 19:47:00,93723.3,93964.7,93631.0,93873.2,326.034,30575538.5166
2025-02-24 19:48:00,93873.2,93943.4,93864.0,93932.7,47.426,4453758.6301
2025-02-24 19:49:00,93932.7,94029.9,93932.7,93987.2,56.243,5286235.7825
2025-02-24 19:50:00,93987.2,94029.3,93880.0,94029.2,58.15,5462466.5653
2025-02-24 19:51:00,94029.2,94121.2,94008.3,94121.1,122.531,11526225.865
2025-02-24 19:52:00,94121.1,94153.9,94008.8,94008.8,59.99,5644617.9723
2025-02-24 19:53:00,94008.8,94008.9,93908.9,93997.0,32.05,3011120.7807
2025-02-24 19:54:00,93997.0,94037.6,93941.2,94037.5,38.048,3576768.3214
2025-02-24 19:55:00,94037.5,94088.0,94007.8,94070.0,67.79,6375460.7461
2025-02-24 19:56:00,94070.0,94083.3,93943.2,93960.5,78.895,7416341.624
2025-02-24 19:57:00,93960.5,94000.0,93924.8,93974.2,25.546,2400310.8571
2025-02-24 19:58:00,93974.2,93976.4,93882.8,93907.1,37.354,3508905.504
2025-02-24 19:59:00,93907.1,94000.0,93907.1,93984.9,33.822,3177908.1062
2025-02-24 20:00:00,93984.9,94006.3,93857.2,93905.3,95.366,8956169.0706
2025-02-24 20:01:00,93905.3,94042.8,93902.5,93999.0,36.11,3394101.9473
2025-02-24 20:02:00,93999.0,94004.4,93910.5,93968.3,53.324,5010800.2362
2025-02-24 20:03:00,93968.3,94016.2,93953.2,94000.0,25.727,2417869.5373
2025-02-24 20:04:00,94000.0,94164.0,94000.0,94146.9,50.456,4748580.3702
2025-02-24 20:05:00,94146.9,94187.5,94033.2,94101.5,140.005,13173862.635
2025-02-24 20:06:00,94101.5,94147.0,94055.7,94095.6,62.969,5925240.8408
2025-02-24 20:07:00,94095.6,94188.0,94088.0,94188.0,70.481,6634529.3225
2025-02-24 20:08:00,94188.0,94238.8,94188.0,94200.0,56.645,5336789.5411
2025-02-24 20:09:00,94200.0,94299.3,94200.0,94244.3,78.406,7391470.4288
2025-02-24 20:10:00,94244.3,94303.2,94200.0,94293.9,49.27,4643554.7749
2025-02-24 20:11:00,94293.9,94329.9,94263.5,94295.8,75.026,7074722.946
2025-02-24 20:12:00,94295.8,94314.7,94193.2,94193.3,90.788,8555034.4744
2025-02-24 20:13:00,94193.3,94284.2,94193.1,94284.2,15.697,1478999.2264
2025-02-24 20:14:00,94284.2,94351.0,94284.2,94295.9,41.066,3873417.8529
2025-02-24 20:15:00,94295.9,94362.8,94250.0,94362.8,61.208,5772905.8253
2025-02-24 20:16:00,94362.8,94515.8,94362.8,94478.2,163.888,15480455.1014
2025-02-24 20:17:00,94478.2,94495.8,94402.2,94440.6,51.044,4820963.0761
2025-02-24 20:18:00,94440.6,94448.6,94347.7,94419.9,28.354,2676815.7374
2025-02-24 20:19:00,94419.9,94419.9,94244.5,94307.1,100.29,9458449.3404
2025-02-24 20:20:00,94307.1,94399.9,94266.0,94399.9,103.009,9718189.7014
2025-02-24 20:21:00,94399.9,94484.5,94363.0,94395.9,50.195,4740173.112
2025-02-24 20:22:00,94395.9,94405.3,94337.5,94362.4,38.984,3678744.4993
2025-02-24 20:23:00,94362.4,94373.2,94241.0,94243.5,78.316,7382571.9049
2025-02-24 20:24:00,94243.5,94350.0,94228.4,94274.9,25.835,2436202.14



94270.9 0

94215.3 0

94538.0  1